1.320773988611557854e+02 2.857251549215878299e+02 4.765828704833984375e+01
1.387223775078268488e+02 3.095613336899701835e+02 6.378701782226562500e+01
1.442300443312701077e+02 3.318615623922909776e+02 8.034209442138671875e+01
1.521495215920840849e+02 3.496937828512753867e+02 9.651195526123046875e+01
1.637551684211281895e+02 3.690182154038374165e+02 1.177667160034179688e+02
1.782499922808478914e+02 3.741385670381434920e+02 1.442775421142578125e+02
1.908602674596450015e+02 3.713450356876149954e+02 1.741656188964843750e+02
2.087925572114832562e+02 3.654523451861214198e+02 2.045465545654296875e+02
2.389851785098805408e+02 3.634594678093406515e+02 2.168928527832031250e+02
2.663778621897978383e+02 3.544137776094325432e+02 2.071903228759765625e+02
2.888150634765625568e+02 3.512381218405331538e+02 1.798066253662109375e+02
3.064139284021714502e+02 3.507088226318360284e+02 1.477115020751953125e+02
3.203329054888557721e+02 3.389486283246209268e+02 1.155540466308593750e+02
3.265061367259306735e+02 3.178148983226103610e+02 9.226917266845703125e+01
3.284840296128217574e+02 2.974121802834903860e+02 7.502136230468750000e+01
3.286077712115120448e+02 2.758984778909122610e+02 6.000745391845703125e+01
3.276236170151655074e+02 2.505226627125459800e+02 4.668960189819335938e+01
1.414791251238654581e+02 2.141303083531996947e+02 1.090498046875000000e+02
1.484461756537942279e+02 1.982270420747644835e+02 1.196607131958007812e+02
1.617750438017003773e+02 1.864982613956227055e+02 1.303106079101562500e+02
1.750326708625344736e+02 1.810861057505887857e+02 1.377642364501953125e+02
1.866519671271828997e+02 1.800306457070743136e+02 1.425565795898437500e+02
2.381413444967831197e+02 1.710602714987361992e+02 1.444206542968750000e+02
2.505473065544577480e+02 1.682592030693502920e+02 1.408081665039062500e+02
2.653765714757583396e+02 1.681908612419576912e+02 1.340480346679687500e+02
2.815812810561236574e+02 1.748418227251838175e+02 1.258232116699218750e+02
2.934481402228860816e+02 1.878352435392491770e+02 1.164941024780273438e+02
2.158240789076861574e+02 1.994515458948471860e+02 1.617042846679687500e+02
2.160431573306813107e+02 2.088563557344324408e+02 1.819153900146484375e+02
2.179623476813821412e+02 2.163005486881031629e+02 1.990273590087890625e+02
2.197140584609088023e+02 2.275479924819048847e+02 2.104657897949218750e+02
2.052444013707778367e+02 2.569057764389935983e+02 1.871188507080078125e+02
2.124075952866498369e+02 2.535466602998621397e+02 1.946169738769531250e+02
2.226184989480411218e+02 2.528329542272231265e+02 1.992831878662109375e+02
2.293798116347369387e+02 2.517466085994944933e+02 1.961739654541015625e+02
2.384788840798771048e+02 2.519170870612649651e+02 1.888863372802734375e+02
1.599900762221392370e+02 2.243509061027975804e+02 1.320206604003906250e+02
1.674787244908949901e+02 2.138094270593979900e+02 1.373923797607421875e+02
1.792165616203756997e+02 2.111803365370806773e+02 1.403936004638671875e+02
1.924415097404929043e+02 2.150743411793428379e+02 1.403216400146484375e+02
1.825116648954503944e+02 2.201542625876033981e+02 1.430591583251953125e+02
1.689612026438993553e+02 2.232575364954331576e+02 1.407015533447265625e+02
2.436654205322266193e+02 2.074194886151481967e+02 1.423587341308593750e+02
2.553249676872702594e+02 1.995068809060489343e+02 1.425056304931640625e+02
2.674641181497013349e+02 1.979036500818588991e+02 1.413103027343750000e+02
2.778378685446347163e+02 2.058230825087603364e+02 1.369961700439453125e+02
2.680236653047450091e+02 2.074228461770450167e+02 1.441415863037109375e+02
2.544990672392004285e+02 2.087150193158317961e+02 1.455514831542968750e+02
1.947288064395680180e+02 3.004681394689224021e+02 1.902806396484375000e+02
2.033568836885340261e+02 2.823848690257353269e+02 1.992870788574218750e+02
2.163319275799919410e+02 2.710758632884306394e+02 2.063232116699218750e+02
2.248550835104549606e+02 2.717872180714327328e+02 2.082857360839843750e+02
2.302915042652803663e+02 2.697879244636087037e+02 2.074394683837890625e+02
2.465854831471162925e+02 2.760321626551011605e+02 2.010996398925781250e+02
2.605409450755399803e+02 2.887241252225988433e+02 1.940681457519531250e+02
2.480800863826976297e+02 2.936798666561351752e+02 2.081842803955078125e+02
2.395345633114085899e+02 2.956535750445198119e+02 2.135087127685546875e+02
2.302356611364028254e+02 2.963406497730928777e+02 2.150916442871093750e+02
2.177158010146197284e+02 2.991961914062500796e+02 2.129379882812500000e+02
2.081893816779641497e+02 3.002880266974954679e+02 2.064136352539062500e+02
1.976005281336167627e+02 2.978295740464154733e+02 1.908503265380859375e+02
2.153609944063074408e+02 2.838874228084789024e+02 2.025290679931640625e+02
2.263124247831456728e+02 2.805832232306985929e+02 2.060470581054687500e+02
2.358048799402573650e+02 2.810996102725758874e+02 2.036100463867187500e+02
2.585224824793198763e+02 2.888527088838465602e+02 1.949334564208984375e+02
2.364318074843462796e+02 2.855677181468290655e+02 2.067053985595703125e+02
2.279320947086109754e+02 2.862156977036420358e+02 2.071023406982421875e+02
2.171605280259076380e+02 2.892020148782169713e+02 2.058129119873046875e+02
