1.675033331627939219e+02 2.329222404031192752e+02 4.595093917846679688e+01
1.696124531016630215e+02 2.570650941138173948e+02 4.841892623901367188e+01
1.725613818299536604e+02 2.812600585937500455e+02 5.403590393066406250e+01
1.743471912159639317e+02 3.027826089896408348e+02 6.063634872436523438e+01
1.759917331471162640e+02 3.231642035390816545e+02 7.382009124755859375e+01
1.804895079369638324e+02 3.379060782638250657e+02 9.738848876953125000e+01
1.865717030843098883e+02 3.460576879763136162e+02 1.272689895629882812e+02
1.982176046034869046e+02 3.526489746093750455e+02 1.574492340087890625e+02
2.226985661525352498e+02 3.571965980080997269e+02 1.747104949951171875e+02
2.504896358714384235e+02 3.518222563500498268e+02 1.771045684814453125e+02
2.782398894066903949e+02 3.436532466514438511e+02 1.618394927978515625e+02
3.017228976978975084e+02 3.344311080633425490e+02 1.434053802490234375e+02
3.204597476136450496e+02 3.182628885306564257e+02 1.276881332397460938e+02
3.300984318153530808e+02 2.976240725648169700e+02 1.191890869140625000e+02
3.352971033432904733e+02 2.768957350487802955e+02 1.171005706787109375e+02
3.401869048473881776e+02 2.544954015694412419e+02 1.172958450317382812e+02
3.425349137848498913e+02 2.288594571581073751e+02 1.178118591308593750e+02
1.586810577691770163e+02 2.086162881738999317e+02 1.286758575439453125e+02
1.625714992597991397e+02 2.029296508190678878e+02 1.469602661132812500e+02
1.715179502300187551e+02 1.995363413642434693e+02 1.614215393066406250e+02
1.817590907078163127e+02 2.005686648649327992e+02 1.720393371582031250e+02
1.909891833436255411e+02 2.033421018413469028e+02 1.776425628662109375e+02
2.345437972424077202e+02 2.014521519978841297e+02 1.955534973144531250e+02
2.454871236464556432e+02 1.980094277176202695e+02 1.975563354492187500e+02
2.598570716409122383e+02 1.963266196007822089e+02 1.973856048583984375e+02
2.777436411539713390e+02 1.993485780005361505e+02 1.935778198242187500e+02
2.935763636570350741e+02 2.051429598639993230e+02 1.835007629394531250e+02
2.129170415242513172e+02 2.234860884722541527e+02 1.897370300292968750e+02
2.098598493688246833e+02 2.383038063797296502e+02 1.996365661621093750e+02
2.069439733168658222e+02 2.518354658538220292e+02 2.100890045166015625e+02
2.064098115808823479e+02 2.643926207000134241e+02 2.135633239746093750e+02
1.996187413234336532e+02 2.744031262266869930e+02 1.822177429199218750e+02
2.045465698242187500e+02 2.756921846576765347e+02 1.901935729980468750e+02
2.126619768628887073e+02 2.773708211562212682e+02 1.957790527343750000e+02
2.199758250816195755e+02 2.753958254346661079e+02 1.964533081054687500e+02
2.293727256924498192e+02 2.736519349341299403e+02 1.937655944824218750e+02
1.714653854070925263e+02 2.249402116364124140e+02 1.428926086425781250e+02
1.758500481250239318e+02 2.197960833082012186e+02 1.539421234130859375e+02
1.857009335087794852e+02 2.196543536915498862e+02 1.596957092285156250e+02
1.972481269986021744e+02 2.241590284758923417e+02 1.603106994628906250e+02
1.878660317813648817e+02 2.277657553280101297e+02 1.583016052246093750e+02
1.770830187629250929e+02 2.280789794024299226e+02 1.522263641357421875e+02
2.429397932464001144e+02 2.235412641039081620e+02 1.793213958740234375e+02
2.519634292901731101e+02 2.178180794809378824e+02 1.865253753662109375e+02
2.632681175680721708e+02 2.170961584352979514e+02 1.900129394531250000e+02
2.746159085142846266e+02 2.224472298416436900e+02 1.852321929931640625e+02
2.634198039335362864e+02 2.258907243915632534e+02 1.874781188964843750e+02
2.513336892520680124e+02 2.265955697751512616e+02 1.843911743164062500e+02
1.866997543334960881e+02 3.025290200027765195e+02 1.618986053466796875e+02
1.942409537221871005e+02 2.951938961253447360e+02 1.798536224365234375e+02
2.060577578077129317e+02 2.915048720415900902e+02 1.923407287597656250e+02
2.134821599922928215e+02 2.924256280637255259e+02 1.958327484130859375e+02
2.193216715494791629e+02 2.908719049790326494e+02 1.977803649902343750e+02
2.361788932351504968e+02 2.937370972876455539e+02 1.958336944580078125e+02
2.521206129485485690e+02 2.997125573850145770e+02 1.874895782470703125e+02
2.354063208785711367e+02 3.071786595363242895e+02 1.935068054199218750e+02
2.246956321267520593e+02 3.104337380203546672e+02 1.946909484863281250e+02
2.142250648049747213e+02 3.109063592648973895e+02 1.928766174316406250e+02
2.029601873061236006e+02 3.113140346153110158e+02 1.872553710937500000e+02
1.958559010823567519e+02 3.084753720152612004e+02 1.789609680175781250e+02
1.892996657726811236e+02 3.017323828005323776e+02 1.636446685791015625e+02
2.047693966734643141e+02 2.988301202512254804e+02 1.853037567138671875e+02
2.148449453914866751e+02 2.979054399078967776e+02 1.922476959228515625e+02
2.246667510687136087e+02 2.977750778497434112e+02 1.934628143310546875e+02
2.502936954872280921e+02 3.000356165867226537e+02 1.875224304199218750e+02
2.234088196399165156e+02 3.009207456102558353e+02 1.927126922607421875e+02
2.145265483482211266e+02 3.014973127178117807e+02 1.907355651855468750e+02
2.047012399710860961e+02 3.017129557890050933e+02 1.853722839355468750e+02
