1.051341576669730671e+02 2.578735499363319832e+02 1.775079040527343750e+02
1.107419701669730614e+02 2.812480137843712100e+02 1.769872436523437500e+02
1.173395689721201336e+02 3.029702640907437399e+02 1.757792205810546875e+02
1.248157102098652302e+02 3.213452947279986347e+02 1.745428619384765625e+02
1.389523830039828738e+02 3.391994001201555307e+02 1.750419006347656250e+02
1.629339087392770011e+02 3.508766366397633760e+02 1.730908203125000000e+02
1.903749626608456538e+02 3.576769123750574977e+02 1.717026214599609375e+02
2.188403119255515321e+02 3.624091274485869008e+02 1.638778381347656250e+02
2.354149442784927260e+02 3.657855520809398513e+02 1.430783843994140625e+02
2.394353946461397413e+02 3.607025098015280946e+02 1.197298202514648438e+02
2.268012800628064269e+02 3.552571819829006472e+02 9.442636871337890625e+01
2.104991660922181609e+02 3.485068296544692430e+02 7.236238098144531250e+01
1.970311513863358073e+02 3.353841274485869235e+02 5.546945190429687500e+01
1.892862371706495423e+02 3.165041488946653203e+02 4.590454101562500000e+01
1.857318560431985475e+02 2.968663272034888223e+02 4.049854278564453125e+01
1.806472742417279846e+02 2.769158829632927450e+02 3.596931838989257812e+01
1.771395766314338687e+02 2.560164727304496068e+02 3.290622329711914062e+01
1.715716308593750341e+02 2.198506715662339275e+02 1.898864746093750000e+02
1.847164914598652103e+02 2.095024217194201697e+02 1.867197418212890625e+02
1.980204589843750682e+02 2.049545356900084130e+02 1.792281341552734375e+02
2.088820705039829022e+02 2.054521881103515568e+02 1.718586273193359375e+02
2.161517549402573763e+02 2.076555582083907723e+02 1.646666107177734375e+02
2.352852720971201279e+02 2.064542522954005790e+02 1.235811920166015625e+02
2.362876924402573877e+02 2.039493886311848883e+02 1.146446304321289062e+02
2.352432531020220949e+02 2.030320824118221310e+02 1.018552856445312500e+02
2.325754528569240733e+02 2.077580551446652635e+02 8.731887817382812500e+01
2.267241660922181836e+02 2.184732971789790099e+02 7.517852783203125000e+01
2.332029038373162280e+02 2.338361341887829212e+02 1.460233306884765625e+02
2.455875239353554207e+02 2.469722018971162640e+02 1.511406555175781250e+02
2.569863290824142723e+02 2.576376047770182254e+02 1.549528808593750000e+02
2.621270766314339085e+02 2.683546314314299934e+02 1.564672698974609375e+02
2.366705662147672342e+02 2.864639681348613749e+02 1.614809417724609375e+02
2.439255907245711228e+02 2.858490937476065028e+02 1.580043029785156250e+02
2.495629528569240847e+02 2.870362567378025460e+02 1.520090484619140625e+02
2.499031336167279846e+02 2.850123903162339047e+02 1.452737426757812500e+02
2.475174105775122939e+02 2.844436862721163379e+02 1.376710815429687500e+02
1.896591997931985816e+02 2.384381945441750759e+02 1.819174957275390625e+02
1.987609920726103496e+02 2.314488946054495955e+02 1.780786285400390625e+02
2.050127843520220949e+02 2.322121298995672305e+02 1.694389190673828125e+02
2.075747175628064269e+02 2.381925373750574408e+02 1.595798492431640625e+02
2.057255141314338971e+02 2.411449194216260707e+02 1.685391387939453125e+02
1.993205815333946589e+02 2.412075036740770315e+02 1.776357727050781250e+02
2.262332500382966032e+02 2.371063317990770543e+02 1.196862106323242188e+02
2.316748247931985816e+02 2.307743848015280150e+02 1.117745971679687500e+02
2.347331121706495765e+02 2.297415952794692089e+02 1.022296524047851562e+02
2.323483235677084053e+02 2.365771421544691862e+02 9.266211700439453125e+01
2.345301250382966032e+02 2.387695824118221424e+02 1.022570953369140625e+02
2.317488137637868135e+02 2.396414497525084357e+02 1.129759368896484375e+02
2.255075913373162280e+02 3.184668020809398286e+02 1.717823028564453125e+02
2.401583572686888033e+02 3.082787812476065028e+02 1.672255096435546875e+02
2.505227567784926919e+02 3.016465814927045130e+02 1.593039550781250000e+02
2.542618805530025270e+02 3.023505796544692430e+02 1.534706878662109375e+02
2.557069019990809124e+02 3.009821666642731657e+02 1.490834655761718750e+02
2.549205508961397868e+02 3.057696053897633419e+02 1.344750823974609375e+02
2.473956274892769898e+02 3.147940386005476512e+02 1.216382217407226562e+02
2.543547420726103496e+02 3.206273566152535750e+02 1.347027130126953125e+02
2.550654344745711342e+02 3.238368694829006245e+02 1.435744018554687500e+02
2.532175178079044713e+02 3.247010238946653544e+02 1.512031707763671875e+02
2.470758358226103724e+02 3.252341274485868894e+02 1.610097808837890625e+02
2.401043591069240506e+02 3.230467346789790781e+02 1.662644958496093750e+02
2.276418744255515207e+02 3.175605367623123811e+02 1.695200805664062500e+02
2.454941875382966145e+02 3.110499209534888223e+02 1.587469024658203125e+02
2.516063352098652786e+02 3.092150710760378729e+02 1.516118621826171875e+02
2.523436820235907589e+02 3.096278621299594533e+02 1.439836273193359375e+02
2.476530570235907476e+02 3.148832236495672987e+02 1.233229522705078125e+02
2.518188045726103610e+02 3.140354142132927677e+02 1.445872955322265625e+02
2.497232010186887692e+02 3.142316458309398399e+02 1.509882659912109375e+02
2.453477414598652331e+02 3.154252732819202265e+02 1.592380828857421875e+02
