1.114375768923292043e+02 2.237238286635455324e+02 1.419355468750000000e+02
1.130225748697916686e+02 2.463991867963005689e+02 1.407533416748046875e+02
1.168154295079848310e+02 2.683745743695427564e+02 1.377088317871093750e+02
1.204308752620921439e+02 2.875532237333410421e+02 1.370075378417968750e+02
1.287299255371093523e+02 3.106279982622932039e+02 1.404679565429687500e+02
1.473657392314836159e+02 3.287079759784774069e+02 1.469081268310546875e+02
1.704612077900007705e+02 3.429652141496247850e+02 1.565666351318359375e+02
1.964069462196499671e+02 3.566728129069010720e+02 1.604821166992187500e+02
2.202677445355583643e+02 3.641452706131281047e+02 1.482429962158203125e+02
2.359109170951095393e+02 3.569725769042969432e+02 1.293150482177734375e+02
2.396742860681870297e+02 3.438796773274740417e+02 1.032664260864257812e+02
2.387856405220780118e+02 3.301694003236060553e+02 7.912494659423828125e+01
2.388080978692746896e+02 3.128035995184206968e+02 6.182435607910156250e+01
2.406691299139284865e+02 2.909969331629136491e+02 5.353439712524414062e+01
2.445826470468558966e+02 2.708229575362860260e+02 4.880012130737304688e+01
2.489931868609260448e+02 2.483729547238817759e+02 4.448459625244140625e+01
2.526602720372817430e+02 2.246148363898782634e+02 4.349694061279296875e+01
1.694136723537071418e+02 1.995485567878274651e+02 1.922757873535156250e+02
1.842128811705346720e+02 1.905979481715782526e+02 1.976357116699218750e+02
2.006315391989315629e+02 1.883979266297583877e+02 1.983609008789062500e+02
2.140803295060700577e+02 1.912281637154374039e+02 1.972272186279296875e+02
2.236788492240158348e+02 1.948654762716854805e+02 1.942717742919921875e+02
2.629742662018421697e+02 1.964471472347484564e+02 1.668715515136718750e+02
2.695273533839806532e+02 1.936038308237113768e+02 1.598080444335937500e+02
2.759970489501953921e+02 1.916807374842027230e+02 1.483410186767578125e+02
2.815898766012753640e+02 1.944529930264342568e+02 1.328108825683593750e+02
2.814250064027076519e+02 2.019807665058211228e+02 1.155725479125976562e+02
2.444589486514821033e+02 2.252506537942325906e+02 1.803115997314453125e+02
2.502579014796837100e+02 2.417392207126991934e+02 1.874491577148437500e+02
2.559491255816291755e+02 2.556556977515127755e+02 1.937685852050781250e+02
2.573498319139667956e+02 2.678398898853976107e+02 1.947650299072265625e+02
2.300835182937921672e+02 2.790849906173407362e+02 1.845358581542968750e+02
2.379500941257851139e+02 2.804885082768459483e+02 1.843022766113281250e+02
2.457394333184934396e+02 2.828693863214231783e+02 1.809719848632812500e+02
2.494422007242838788e+02 2.805018662396599893e+02 1.752256469726562500e+02
2.518437727984260448e+02 2.785459810144761832e+02 1.676159667968750000e+02
1.865049612007889266e+02 2.225698287664675661e+02 1.911208190917968750e+02
1.979632403803806824e+02 2.169618631998698106e+02 1.934241638183593750e+02
2.078804049024395226e+02 2.182299297856349938e+02 1.883459320068359375e+02
2.140076009712967391e+02 2.241887789258770454e+02 1.797819824218750000e+02
2.073656658696193631e+02 2.271308078541475766e+02 1.863097686767578125e+02
1.971675848867379273e+02 2.266073936312806723e+02 1.909944915771484375e+02
2.522134040982115835e+02 2.247847969204772198e+02 1.524574584960937500e+02
2.626478029138902457e+02 2.191445593142042298e+02 1.493566131591796875e+02
2.706550116445504273e+02 2.180201116225299245e+02 1.417408752441406250e+02
2.724009788961972163e+02 2.235796358594707840e+02 1.300679779052734375e+02
2.688748260498047671e+02 2.270493126364315799e+02 1.399345245361328125e+02
2.608609799254174959e+02 2.279155590580959370e+02 1.482038421630859375e+02
2.086652309642118723e+02 3.097018073586856985e+02 1.807982788085937500e+02
2.259788974537569288e+02 3.024710406135110361e+02 1.861564178466796875e+02
2.404952767764821147e+02 2.980079672420726524e+02 1.843826141357421875e+02
2.466621474920534922e+02 2.993850850423177690e+02 1.800668029785156250e+02
2.502061996759153146e+02 2.979625534955193871e+02 1.769658050537109375e+02
2.554291964063457669e+02 3.018792811973422658e+02 1.626470794677734375e+02
2.537080154119753672e+02 3.097936329561122193e+02 1.453690338134765625e+02
2.520777284509995866e+02 3.192257853190104697e+02 1.586562805175781250e+02
2.480878563376034265e+02 3.240163200827206538e+02 1.665507202148437500e+02
2.419661165723613863e+02 3.251071316588158879e+02 1.729521331787109375e+02
2.320811409146178335e+02 3.239651506012561413e+02 1.794148101806640625e+02
2.239059013217103598e+02 3.189878705193015094e+02 1.817883300781250000e+02
2.116566494212431166e+02 3.091739598891314813e+02 1.798427581787109375e+02
2.343137505624808909e+02 3.066078004126455880e+02 1.796184692382812500e+02
2.437242939668543613e+02 3.057264410280714628e+02 1.758723297119140625e+02
2.480045478970397141e+02 3.063607862285539909e+02 1.692749633789062500e+02
2.528772765514897856e+02 3.100699914072074534e+02 1.469353942871093750e+02
2.470538202622357744e+02 3.125183246687347491e+02 1.680595397949218750e+02
2.414119524189070489e+02 3.126801506491268583e+02 1.732633209228515625e+02
2.332421025893267768e+02 3.126381470923330426e+02 1.783710632324218750e+02
