1.413780199686686672e+02 1.771093996683756586e+02 8.163716888427734375e+01
1.475314539591471714e+02 1.993561375935872206e+02 7.079961395263671875e+01
1.538429962158203352e+02 2.226748652140299498e+02 6.126428985595703125e+01
1.616291982014974167e+02 2.437215652465820312e+02 5.453437423706054688e+01
1.703370160420735715e+02 2.702508534749348996e+02 5.304010391235351562e+01
1.805711573282877680e+02 2.956529561360677008e+02 6.429542541503906250e+01
1.937475234985351449e+02 3.169986399332682367e+02 8.507472991943359375e+01
2.141193267822265796e+02 3.345360809326172102e+02 1.046250457763671875e+02
2.436578557332356922e+02 3.403671203613281477e+02 1.131680374145507812e+02
2.712785324096680029e+02 3.308609792073567633e+02 1.143536453247070312e+02
2.953909530639649006e+02 3.101886444091797443e+02 1.019634323120117188e+02
3.135407323201498002e+02 2.880477284749349565e+02 8.798893737792968750e+01
3.264351140340169763e+02 2.616646291097005701e+02 8.075547027587890625e+01
3.327838801066081942e+02 2.358647201538086335e+02 8.436533355712890625e+01
3.358129043579102699e+02 2.143145431518555029e+02 9.053319549560546875e+01
3.368995112101238192e+02 1.911257054646810332e+02 1.017609252929687500e+02
3.358230209350587074e+02 1.690205952962240019e+02 1.129377822875976562e+02
1.466829714457194314e+02 2.005472478230794309e+02 1.637376251220703125e+02
1.543662350972493869e+02 2.035685333251952898e+02 1.813354034423828125e+02
1.672675946553548556e+02 2.061111145019531250e+02 1.923941345214843750e+02
1.801663386027018703e+02 2.099815526326497377e+02 1.988919982910156250e+02
1.912315912882487510e+02 2.128635406494140625e+02 2.009770660400390625e+02
2.410062749226888741e+02 2.101060384114583428e+02 2.099138793945312500e+02
2.517885920206706487e+02 2.051905319213867358e+02 2.115740966796875000e+02
2.658766779581706601e+02 1.994435465494792084e+02 2.096423645019531250e+02
2.832776056925456487e+02 1.953882603963216411e+02 2.023394165039062500e+02
2.974082331339519101e+02 1.915888804117838617e+02 1.881005859375000000e+02
2.197408925374349451e+02 2.327317977905273665e+02 1.960800323486328125e+02
2.207321787516276572e+02 2.523921030680338617e+02 1.965063934326171875e+02
2.220040573120117529e+02 2.696334655761718864e+02 1.964359130859375000e+02
2.247237996419271155e+02 2.833724690755208258e+02 1.935171508789062500e+02
2.122848368326823163e+02 2.796573852539062841e+02 1.624198303222656250e+02
2.191347452799479356e+02 2.828052836100260379e+02 1.672811584472656250e+02
2.286288762410482036e+02 2.857311360677083485e+02 1.700096893310546875e+02
2.353769358317057367e+02 2.817508076985677121e+02 1.702860412597656250e+02
2.445405054728190635e+02 2.768438700358072992e+02 1.677746276855468750e+02
1.660405446370442917e+02 2.203830281575520758e+02 1.635848236083984375e+02
1.725629959106445881e+02 2.193443496704101676e+02 1.750542602539062500e+02
1.836494242350260890e+02 2.191107777913411496e+02 1.776916046142578125e+02
1.967028783162435275e+02 2.229858937581380474e+02 1.723768310546875000e+02
1.867660736083984716e+02 2.264613098144531023e+02 1.713171539306640625e+02
1.747569183349609716e+02 2.258283320109049441e+02 1.691601867675781250e+02
2.484855728149414631e+02 2.187047831217448106e+02 1.823889770507812500e+02
2.584484817504883267e+02 2.137560994466145985e+02 1.905035400390625000e+02
2.705991653442383722e+02 2.125936528523763229e+02 1.918022460937500000e+02
2.820666773478191089e+02 2.127729497273763286e+02 1.823179626464843750e+02
2.717978673299154480e+02 2.193862686157226847e+02 1.845871734619140625e+02
2.589656031290691089e+02 2.213669474283854584e+02 1.843894195556640625e+02
1.996000066121419536e+02 2.986052846272786496e+02 1.385094757080078125e+02
2.102859481811523779e+02 2.995050893147786724e+02 1.527126159667968750e+02
2.231442474365234716e+02 2.990722208658854129e+02 1.616001434326171875e+02
2.309938639322916742e+02 3.004117767333984261e+02 1.626955413818359375e+02
2.365651407877604697e+02 2.983452107747395985e+02 1.641720733642578125e+02
2.530150670369466752e+02 2.963900136311848996e+02 1.590839691162109375e+02
2.663233291625977017e+02 2.933853037516275890e+02 1.478480377197265625e+02
2.519045781453451127e+02 3.016761932373046875e+02 1.556847686767578125e+02
2.420842610677083826e+02 3.071012898763020758e+02 1.570023040771484375e+02
2.325158294677734716e+02 3.091015014648437500e+02 1.565877532958984375e+02
2.204389363606771042e+02 3.092837209065755246e+02 1.538947601318359375e+02
2.116067321777343864e+02 3.052170644124349224e+02 1.491201171875000000e+02
2.028547256469726676e+02 2.984714864095051894e+02 1.400741119384765625e+02
2.220503082275390909e+02 3.025206766764322879e+02 1.537870483398437500e+02
2.323399653116862282e+02 3.029135457356770758e+02 1.574707946777343750e+02
2.417874821980794877e+02 3.011418996175130474e+02 1.572220764160156250e+02
2.642630579630534271e+02 2.937906585693359602e+02 1.484403991699218750e+02
2.409218663533529252e+02 2.982947662353515739e+02 1.578766174316406250e+02
2.324196787516276572e+02 3.010773610432942746e+02 1.578096466064453125e+02
2.213138300577799669e+02 3.003606231689453239e+02 1.551111602783203125e+02
