1.033198435764686280e+02 1.986814936619178695e+02 9.478955841064453125e+01
1.082425200817631321e+02 2.255177435781441204e+02 8.834310913085937500e+01
1.170439092598709010e+02 2.524976561303232074e+02 8.271773529052734375e+01
1.253028244916130092e+02 2.770763771805108604e+02 7.886357116699218750e+01
1.357333312389897060e+02 3.044399569043926022e+02 8.141953277587890625e+01
1.508523487165861923e+02 3.270798618092256334e+02 9.581855773925781250e+01
1.699383132036994084e+02 3.444021823658662811e+02 1.182384185791015625e+02
1.965941768870633837e+02 3.596907916499119438e+02 1.388688659667968750e+02
2.313564763087852043e+02 3.642800481459674415e+02 1.413356018066406250e+02
2.616798144770603471e+02 3.531446719300513450e+02 1.357769775390625000e+02
2.842404099408317961e+02 3.331475507549211557e+02 1.098300170898437500e+02
2.981471635407092435e+02 3.112957611083984943e+02 8.440224456787109375e+01
3.084650381050857959e+02 2.872314616483801046e+02 6.665491485595703125e+01
3.139917656393612333e+02 2.605676970837163253e+02 6.354760742187500000e+01
3.194868896484375114e+02 2.348128438912186198e+02 6.762060546875000000e+01
3.236651687921262237e+02 2.074884585511450723e+02 7.336901092529296875e+01
3.272424172794117680e+02 1.810015619315353206e+02 7.950067138671875000e+01
1.361656343946269487e+02 1.912915250591203176e+02 1.905336608886718750e+02
1.503877844118604230e+02 1.870688187243891605e+02 2.084508819580078125e+02
1.682486425661572866e+02 1.866972095564299821e+02 2.192114868164062500e+02
1.841170788334865165e+02 1.901756077785117895e+02 2.244362945556640625e+02
1.969708450616574851e+02 1.939810235715379747e+02 2.253560638427734375e+02
2.528587670419730671e+02 1.885480638092639367e+02 2.200201263427734375e+02
2.643881539139093206e+02 1.826474911858053645e+02 2.175113220214843750e+02
2.784586558622472694e+02 1.769220531987209029e+02 2.099800262451171875e+02
2.945000002393535397e+02 1.753675477570178600e+02 1.961366424560546875e+02
3.060232806037454338e+02 1.781668553670247377e+02 1.774455718994140625e+02
2.280552231732536939e+02 2.224733489391850298e+02 2.165414428710937500e+02
2.303628817689184984e+02 2.424940318388097467e+02 2.223123931884765625e+02
2.327513341567095040e+02 2.611111480712891080e+02 2.285882110595703125e+02
2.341552672143075711e+02 2.771284609925513678e+02 2.276578826904296875e+02
2.122860787185967979e+02 2.854245178821040554e+02 1.991662139892578125e+02
2.204766715255437930e+02 2.877843542360791957e+02 2.039312591552734375e+02
2.314668631759344066e+02 2.903305048325482858e+02 2.055048675537109375e+02
2.385797231636794891e+02 2.862362888111787811e+02 2.022656250000000000e+02
2.464370885512407767e+02 2.823031906427121953e+02 1.960744171142578125e+02
1.573049825032551894e+02 2.152799957873774588e+02 1.921518707275390625e+02
1.687870956121706172e+02 2.106171887566061400e+02 2.031732940673828125e+02
1.824440178964651977e+02 2.112592833275888324e+02 2.036627044677734375e+02
1.951732207653569162e+02 2.173823348101447550e+02 1.963228149414062500e+02
1.836812996658624115e+02 2.214371403712852384e+02 1.983481597900390625e+02
1.690506806616689346e+02 2.209845730052274746e+02 1.975575103759765625e+02
2.523386053347119855e+02 2.134171539905024702e+02 1.919825134277343750e+02
2.657077232211244109e+02 2.054386542825137951e+02 1.965296936035156250e+02
2.794698559330959142e+02 2.025191987879136093e+02 1.941361541748046875e+02
2.889879846909466892e+02 2.065293328977098781e+02 1.817294921875000000e+02
2.790119430242800149e+02 2.132060567220052008e+02 1.884953155517578125e+02
2.644152480181525675e+02 2.159875239353553980e+02 1.912879180908203125e+02
1.946844840853821665e+02 3.211141421448950837e+02 1.819913482666015625e+02
2.091202585257735791e+02 3.147579066257850968e+02 1.971343231201171875e+02
2.243604854808133950e+02 3.094172866522097252e+02 2.032626800537109375e+02
2.329152328192018899e+02 3.107013254801432822e+02 2.023807678222656250e+02
2.386733875947840033e+02 3.081316319484337214e+02 2.017606048583984375e+02
2.533052185058593295e+02 3.102391474106732971e+02 1.919925842285156250e+02
2.637001478008195363e+02 3.142014816583371726e+02 1.751963195800781250e+02
2.529325524423636580e+02 3.249787722718482428e+02 1.847033538818359375e+02
2.438964056276807355e+02 3.314145614923215817e+02 1.883933563232421875e+02
2.337187928442860994e+02 3.338888056137982971e+02 1.912179412841796875e+02
2.195449875775505006e+02 3.339843301810470848e+02 1.911171417236328125e+02
2.093198379815793260e+02 3.293890611237171129e+02 1.892084045410156250e+02
1.988443967333026308e+02 3.205502766328699522e+02 1.830505371093750000e+02
2.211777737486596038e+02 3.185341708912569061e+02 1.947628021240234375e+02
2.327868458467370942e+02 3.172856249640969963e+02 1.965482788085937500e+02
2.416948123707490481e+02 3.166763082466873698e+02 1.926579895019531250e+02
2.614765523274739394e+02 3.146441752714269455e+02 1.764308166503906250e+02
2.420892176011029164e+02 3.199401331882851309e+02 1.909390716552734375e+02
2.331847082998237966e+02 3.217629538741766737e+02 1.932723693847656250e+02
2.211934439864812703e+02 3.224919205609490405e+02 1.929224090576171875e+02
