2.835998679965150018e+02 3.020912757424747497e+02 2.686598777770996094e+01
2.795778147977940762e+02 3.206916224460976537e+02 4.040560913085937500e+01
2.751328076530905378e+02 3.360176323385800288e+02 5.245137405395507812e+01
2.699948007022633192e+02 3.495359343285655314e+02 6.455848693847656250e+01
2.616490380081475564e+02 3.632284589580461898e+02 8.162314605712890625e+01
2.478209906484566432e+02 3.706671151553883874e+02 1.020959548950195312e+02
2.312225588031843415e+02 3.692913268444585810e+02 1.251179199218750000e+02
2.157731751685048778e+02 3.661285608029833725e+02 1.498459014892578125e+02
2.181038201126397666e+02 3.605393496644263678e+02 1.769744720458984375e+02
2.324111373602174808e+02 3.482879410687615405e+02 1.934324188232421875e+02
2.598213919246898058e+02 3.395969087488511491e+02 2.009060668945312500e+02
2.880663588579963061e+02 3.317863858690449206e+02 2.043167114257812500e+02
3.120429249482996283e+02 3.171050566430185995e+02 2.033988037109375000e+02
3.263652900247012667e+02 2.959219273585899828e+02 1.974342803955078125e+02
3.324195921056410725e+02 2.763621950635723579e+02 1.912722473144531250e+02
3.395293798110064358e+02 2.560172998166552247e+02 1.849256134033203125e+02
3.435553391400505916e+02 2.340270548203412488e+02 1.765342102050781250e+02
2.276152013142903456e+02 2.544805604822495866e+02 5.265450668334960938e+01
2.191980440925149196e+02 2.419937383315142654e+02 6.110349273681640625e+01
2.149363175036860412e+02 2.316283832325655112e+02 7.228969573974609375e+01
2.133638309254365879e+02 2.270401718139648608e+02 8.517762756347656250e+01
2.144934638229070742e+02 2.254932750028722523e+02 9.548509979248046875e+01
2.291968303904814093e+02 2.079352653353822120e+02 1.320362243652343750e+02
2.355097982668409031e+02 2.020194501839432064e+02 1.385278930664062500e+02
2.455792332368738471e+02 1.970238055360083536e+02 1.468085632324218750e+02
2.588164091820810313e+02 1.967393961887733553e+02 1.572746429443359375e+02
2.732632475609873381e+02 2.022811839832979217e+02 1.654303741455078125e+02
2.153550269930970558e+02 2.346029476090973844e+02 1.237211608886718750e+02
2.043871205348594344e+02 2.433911333869485532e+02 1.317778015136718750e+02
1.926684373743393621e+02 2.523150725719975753e+02 1.403143005371093750e+02
1.882936406154258293e+02 2.616244730033126871e+02 1.464367218017578125e+02
2.055068112541647452e+02 2.836715491201363193e+02 1.305542602539062500e+02
2.018094243816300946e+02 2.810787320903703517e+02 1.385840911865234375e+02
2.022702131981943126e+02 2.791414221670113420e+02 1.474886474609375000e+02
2.067335899203431211e+02 2.754333049699372395e+02 1.521313323974609375e+02
2.142984418083639753e+02 2.732963210461186918e+02 1.559790039062500000e+02
2.218732512530158374e+02 2.612344289742264323e+02 7.507280731201171875e+01
2.178206102857402584e+02 2.522620245540843484e+02 8.159011840820312500e+01
2.203472076416015852e+02 2.484172543095607466e+02 9.064291381835937500e+01
2.257493243647556653e+02 2.490031200334137793e+02 1.002612075805664062e+02
2.214959021474800807e+02 2.548108514823165933e+02 9.425570678710937500e+01
2.192451252656824181e+02 2.592775576423196640e+02 8.451043701171875000e+01
2.433666718426872819e+02 2.320589187622070426e+02 1.386921997070312500e+02
2.442680806178672697e+02 2.237963766359815736e+02 1.455086517333984375e+02
2.491068533803902483e+02 2.193788123635684997e+02 1.534647827148437500e+02
2.577235538856656376e+02 2.225637695312500171e+02 1.611052398681640625e+02
2.495477386175417678e+02 2.271367178225049770e+02 1.561465454101562500e+02
2.442282580805759835e+02 2.311075530407475753e+02 1.472806396484375000e+02
2.073405625885607719e+02 3.176767203536688839e+02 1.275961837768554688e+02
2.002982825036142174e+02 3.042565791111367162e+02 1.358459320068359375e+02
1.980895234351064573e+02 2.945014646043964603e+02 1.467916412353515625e+02
1.999550620583926843e+02 2.929690004834941988e+02 1.538181304931640625e+02
2.023918607076008982e+02 2.899874850404029303e+02 1.577740631103515625e+02
2.125349316166896187e+02 2.915403410070082941e+02 1.694702911376953125e+02
2.250435604319852700e+02 2.980326371735217776e+02 1.784876251220703125e+02
2.112652777877508470e+02 3.040922602036420130e+02 1.737480163574218750e+02
2.046076400457643842e+02 3.074286798813764108e+02 1.684709930419921875e+02
2.006633288364783994e+02 3.097304209989659967e+02 1.617354888916015625e+02
1.992406631170534297e+02 3.132319592644187196e+02 1.519150695800781250e+02
2.003675432691386789e+02 3.147803400974647730e+02 1.430750274658203125e+02
2.074995297899432956e+02 3.156923292571423190e+02 1.294880371093750000e+02
2.022316132489372364e+02 3.036351353065640524e+02 1.455521392822265625e+02
2.029081888535443454e+02 2.991296138987821678e+02 1.543883056640625000e+02
2.077588491701612270e+02 2.974076563218060869e+02 1.608627624511718750e+02
2.242248724245557412e+02 2.984671557258157577e+02 1.770787200927734375e+02
2.069347325642903570e+02 3.000013729918237004e+02 1.630891113281250000e+02
2.034730552822935579e+02 3.019474101945465918e+02 1.562649993896484375e+02
2.023740793564739988e+02 3.051396259981043499e+02 1.485684204101562500e+02
