2.166439830406039277e+02 2.601144137513404075e+02 3.790839767456054688e+01
2.187672652599858338e+02 2.807349797865923620e+02 4.485442733764648438e+01
2.208473001218309548e+02 2.998370544433594205e+02 5.312884521484375000e+01
2.217917772180893792e+02 3.163201898313036509e+02 6.136254882812500000e+01
2.220910191853841127e+02 3.331614602481618022e+02 7.511623382568359375e+01
2.198110296511182469e+02 3.446938887053845519e+02 9.835668945312500000e+01
2.156678856045591886e+02 3.493477276970358503e+02 1.229888153076171875e+02
2.162045732984355482e+02 3.520141046262255031e+02 1.506652984619140625e+02
2.312674176982804681e+02 3.513281105789483831e+02 1.718533020019531250e+02
2.527371493171243060e+02 3.442862995222503173e+02 1.804363555908203125e+02
2.794814854042202796e+02 3.369070761287913456e+02 1.731554870605468750e+02
3.031166811475567329e+02 3.277603172152649904e+02 1.630287475585937500e+02
3.222114335004021086e+02 3.132398167030484046e+02 1.527026824951171875e+02
3.322909995883119336e+02 2.941775427724800807e+02 1.454344635009765625e+02
3.372887294395297886e+02 2.743486293418734476e+02 1.426927947998046875e+02
3.415934146656710482e+02 2.546593402338962733e+02 1.396509552001953125e+02
3.434505912032782362e+02 2.327242061241000215e+02 1.354447174072265625e+02
1.867391217699237700e+02 2.249802547679227871e+02 9.568505859375000000e+01
1.855401052287980406e+02 2.153394119561887123e+02 1.097176971435546875e+02
1.891221670113357618e+02 2.086965949563418974e+02 1.235207519531250000e+02
1.944454891130035890e+02 2.076980765398810718e+02 1.349707183837890625e+02
2.005020570044424062e+02 2.085248104170256909e+02 1.426528320312500000e+02
2.345385068108053872e+02 2.003933919121237182e+02 1.698587799072265625e+02
2.434227139342065129e+02 1.964402452057482833e+02 1.727704010009765625e+02
2.560688691083122990e+02 1.938085348091873357e+02 1.751554412841796875e+02
2.719691448136871941e+02 1.962321923798205603e+02 1.763847045898437500e+02
2.868013437906901117e+02 2.034500605115703422e+02 1.735432128906250000e+02
2.163081367043887724e+02 2.271254466935699838e+02 1.635957641601562500e+02
2.107621564977309276e+02 2.396822468776328776e+02 1.741884155273437500e+02
2.053961054633645347e+02 2.509922532025505575e+02 1.836425170898437500e+02
2.044212379455566406e+02 2.617138008566463441e+02 1.886658172607421875e+02
2.075338499480602650e+02 2.790881907743566330e+02 1.623956756591796875e+02
2.088538024902343579e+02 2.784504924699372168e+02 1.705602569580078125e+02
2.135391402599857997e+02 2.792291451248468093e+02 1.773861694335937500e+02
2.196442899217792615e+02 2.765410301058900018e+02 1.795429840087890625e+02
2.280330187629250815e+02 2.747678455427580957e+02 1.792185974121093750e+02
1.926234653547698201e+02 2.384891761330997042e+02 1.143477172851562500e+02
1.937519975699630379e+02 2.319047874001895480e+02 1.233325576782226562e+02
2.008795811223048702e+02 2.307380311853745241e+02 1.308569030761718750e+02
2.101668260162951754e+02 2.340771233352960223e+02 1.352383422851562500e+02
2.027683172188553158e+02 2.382689492618336260e+02 1.316350708007812500e+02
1.952798027188169954e+02 2.395547572715609590e+02 1.241733932495117188e+02
2.450589342304304523e+02 2.263302544986500493e+02 1.628945770263671875e+02
2.506769790649414062e+02 2.196243612850413456e+02 1.694268493652343750e+02
2.599563689287971329e+02 2.176695206586052223e+02 1.745664367675781250e+02
2.705495474422679081e+02 2.227854442222445641e+02 1.745975494384765625e+02
2.606638007369696197e+02 2.264413761812097619e+02 1.746358947753906250e+02
2.508487528782264917e+02 2.280295438579484539e+02 1.693572540283203125e+02
2.040283756031709572e+02 3.087411762312347037e+02 1.474325408935546875e+02
2.039020658605238907e+02 3.011556698069853155e+02 1.620063476562500000e+02
2.091635202146043753e+02 2.953233546238319605e+02 1.748899841308593750e+02
2.142668013628791073e+02 2.953785293279909752e+02 1.799065093994140625e+02
2.185374850703220773e+02 2.933849891812193391e+02 1.830057678222656250e+02
2.331316877178117295e+02 2.957303431492225627e+02 1.868394775390625000e+02
2.488408899045458043e+02 3.004169751933976613e+02 1.848965301513671875e+02
2.326820739446901598e+02 3.058956173765893141e+02 1.862279052734375000e+02
2.238472995234470773e+02 3.088957168878293942e+02 1.844016571044921875e+02
2.165623221902286275e+02 3.100402130126952898e+02 1.803764038085937500e+02
2.097082238290823852e+02 3.114301350313074863e+02 1.726061553955078125e+02
2.061100944519042741e+02 3.102535466212852384e+02 1.639038848876953125e+02
2.055516329148236423e+02 3.076846478630515094e+02 1.494935150146484375e+02
2.109084381103515398e+02 3.029163549685010821e+02 1.696047668457031250e+02
2.171057458316578561e+02 3.009639169730392041e+02 1.778056793212890625e+02
2.250405275831035397e+02 3.004424745447495297e+02 1.815600585937500000e+02
2.474659914802102492e+02 3.007958758185891384e+02 1.844823455810546875e+02
2.237482911053825774e+02 3.007959330240885265e+02 1.816750183105468750e+02
2.172881527171415428e+02 3.019365963804955300e+02 1.774490356445312500e+02
2.113712949565812664e+02 3.030609132654526547e+02 1.708367614746093750e+02
