2.172206995346966778e+02 2.332692718505859375e+02 4.050983810424804688e+01
2.206616740507238035e+02 2.555911479276769569e+02 4.303866577148437500e+01
2.252456790699678209e+02 2.768914651309742680e+02 4.721585845947265625e+01
2.288827514648437500e+02 2.964195502786075167e+02 5.151759338378906250e+01
2.314219746309167931e+02 3.190654422535615709e+02 6.116213989257812500e+01
2.303600733139935528e+02 3.374205591538373028e+02 7.995178222656250000e+01
2.267833934110753660e+02 3.498797176585477473e+02 1.029977264404296875e+02
2.271429856244255348e+02 3.644476856904871056e+02 1.302808837890625000e+02
2.430667392506318834e+02 3.682991692038143583e+02 1.534644165039062500e+02
2.658326972512637667e+02 3.584533673454733389e+02 1.643368377685546875e+02
2.910823651482077139e+02 3.402656303854549833e+02 1.609493103027343750e+02
3.129234278061810528e+02 3.223961899701286598e+02 1.534950103759765625e+02
3.285225112017462834e+02 3.023143454159007320e+02 1.466410980224609375e+02
3.341266533346736765e+02 2.777231786391314472e+02 1.434945831298828125e+02
3.354056881175321223e+02 2.568665232938878944e+02 1.441983184814453125e+02
3.366098058363970154e+02 2.345909190458410194e+02 1.457785949707031250e+02
3.354328631232766043e+02 2.116003996905158715e+02 1.463265380859375000e+02
1.780430656881893583e+02 2.129592671113855999e+02 1.052157516479492188e+02
1.743397804709042020e+02 2.058155122644761263e+02 1.212803726196289062e+02
1.758328426585478041e+02 2.027094793880687291e+02 1.360368957519531250e+02
1.801578773049747326e+02 2.036334417006548847e+02 1.486872406005859375e+02
1.855459038229549549e+02 2.056493157779469243e+02 1.569487762451171875e+02
2.189754342471852055e+02 1.977127923404469243e+02 1.869786376953125000e+02
2.279213912066291243e+02 1.922518117568072284e+02 1.903671112060546875e+02
2.408920602237477055e+02 1.869771544512580590e+02 1.927005004882812500e+02
2.573676668054916945e+02 1.871676905014935812e+02 1.929649963378906250e+02
2.728414899040670889e+02 1.942289226756376479e+02 1.893304443359375000e+02
2.033298447552849098e+02 2.301843432258157236e+02 1.753516845703125000e+02
1.986060629451976070e+02 2.474708458395565458e+02 1.839978027343750000e+02
1.944969581155215792e+02 2.615465536678538570e+02 1.912350463867187500e+02
1.950003096636604027e+02 2.729894848991842764e+02 1.936695709228515625e+02
2.026917572021484375e+02 2.832264565860523930e+02 1.604439544677734375e+02
2.042152862548828125e+02 2.843074304917279278e+02 1.693463134765625000e+02
2.102796262853285612e+02 2.855237624224494084e+02 1.768292694091796875e+02
2.166901568244485361e+02 2.824352632410385695e+02 1.807044830322265625e+02
2.260790001364315174e+02 2.793215439740349666e+02 1.812859649658203125e+02
1.845543069278492680e+02 2.327563476562500000e+02 1.216406707763671875e+02
1.836507501041187993e+02 2.272676346722771257e+02 1.325670166015625000e+02
1.900734665814567848e+02 2.272287463019875986e+02 1.410501861572265625e+02
1.997336641199448479e+02 2.317726916144875986e+02 1.457503356933593750e+02
1.928460038129020973e+02 2.357035351921530264e+02 1.405769042968750000e+02
1.863438343721277590e+02 2.358967814725988319e+02 1.317021789550781250e+02
2.335194504681755348e+02 2.254287980023552507e+02 1.748194427490234375e+02
2.382855781106387667e+02 2.179498632094439472e+02 1.827102813720703125e+02
2.475927752326516611e+02 2.155628249224494652e+02 1.879331817626953125e+02
2.594625010770909626e+02 2.201266587201286882e+02 1.871442718505859375e+02
2.495927070168887667e+02 2.252188702751608389e+02 1.866813354492187500e+02
2.396465822107651604e+02 2.271897852280560812e+02 1.812514495849609375e+02
2.079025080063763653e+02 3.046060288373161598e+02 1.233080596923828125e+02
2.033584819120519285e+02 3.005995896283318416e+02 1.469490814208984375e+02
2.090681331858915541e+02 2.986144570743336430e+02 1.669473571777343750e+02
2.154279085047104729e+02 2.982859497070312500e+02 1.734284057617187500e+02
2.208742594999425535e+02 2.962573242187500000e+02 1.776383514404296875e+02
2.423603264303768299e+02 2.950347720875459459e+02 1.810367431640625000e+02
2.671231384277343750e+02 2.964805728687959459e+02 1.748796844482421875e+02
2.479555340935202139e+02 3.172559455422793917e+02 1.748632965087890625e+02
2.356963106043198479e+02 3.255925813562729445e+02 1.722574005126953125e+02
2.251931951186236347e+02 3.289285798914291945e+02 1.652700195312500000e+02
2.159852223115808840e+02 3.279173853257123028e+02 1.540334930419921875e+02
2.114927996467141611e+02 3.218449671128216778e+02 1.421801300048828125e+02
2.091649905934053209e+02 3.042589739631204111e+02 1.247490463256835938e+02
2.110208964628331785e+02 3.042887662999770555e+02 1.577469635009765625e+02
2.190608287138097410e+02 3.026301700367646959e+02 1.700696105957031250e+02
2.306421230540556166e+02 3.013551258760339806e+02 1.752194976806640625e+02
2.664356689453125000e+02 2.977177465102251972e+02 1.742175903320312500e+02
2.330159212000229729e+02 3.150447046616498028e+02 1.709706420898437500e+02
2.226248420266543917e+02 3.168701315487132320e+02 1.652731018066406250e+02
2.156998605167164555e+02 3.166579176958869084e+02 1.532822265625000000e+02
