1.107436628453871492e+02 2.567704630533853560e+02 6.036682891845703125e+01
1.135264520084156459e+02 2.807806937423406453e+02 7.426768493652343750e+01
1.162073710123697623e+02 3.024143619312959572e+02 8.909329223632812500e+01
1.201310028076171506e+02 3.205756770115272047e+02 1.037293243408203125e+02
1.282152926276711469e+02 3.404100755878523046e+02 1.254199523925781250e+02
1.440519384645947980e+02 3.498266058229932582e+02 1.528469390869140625e+02
1.636927903119255063e+02 3.512153407676547090e+02 1.814801483154296875e+02
1.877105246151194535e+02 3.530072483436734387e+02 2.092013397216796875e+02
2.194350370519301237e+02 3.614501290115655365e+02 2.159117126464843750e+02
2.488703909481272660e+02 3.623582079120710659e+02 2.033909454345703125e+02
2.682777104994829642e+02 3.687330237295112738e+02 1.723285369873046875e+02
2.828402031991995500e+02 3.726159317315793942e+02 1.410135803222656250e+02
2.989545484954235235e+02 3.640278935451133293e+02 1.103899765014648438e+02
3.085758404301661812e+02 3.480767670276118224e+02 8.807946014404296875e+01
3.147325660256778406e+02 3.297282054227941330e+02 7.272696685791015625e+01
3.208805340336817835e+02 3.092212524414062500e+02 5.876350402832031250e+01
3.278070778641045990e+02 2.819924364276960773e+02 4.477338027954101562e+01
1.521589363247740607e+02 1.893010077383003704e+02 1.203387069702148438e+02
1.664709276386335830e+02 1.740245238958619893e+02 1.291337280273437500e+02
1.850020131429036212e+02 1.666422871907551553e+02 1.386738128662109375e+02
2.007880095837163310e+02 1.663125579534791996e+02 1.457845306396484375e+02
2.140796509387446349e+02 1.691460066253063133e+02 1.493313751220703125e+02
2.680904235241459901e+02 1.755203875971774892e+02 1.447209320068359375e+02
2.805760331097770859e+02 1.758950727874156996e+02 1.389107208251953125e+02
2.936478347479128388e+02 1.800473372814701634e+02 1.305112152099609375e+02
3.076628265380859943e+02 1.918568277396407495e+02 1.205255126953125000e+02
3.155328234504251554e+02 2.111004127652037141e+02 1.096927413940429688e+02
2.379084195604511365e+02 2.010320793600643015e+02 1.650594177246093750e+02
2.379393441592945635e+02 2.107673008339077398e+02 1.860933837890625000e+02
2.383450045118144942e+02 2.207044423421223769e+02 2.033171081542968750e+02
2.369268820968328839e+02 2.331992949242685143e+02 2.137198638916015625e+02
2.132866645364200338e+02 2.559753327612783380e+02 1.940867462158203125e+02
2.214110663320503818e+02 2.555478188907398760e+02 2.004521026611328125e+02
2.314552506390739950e+02 2.584244942459405365e+02 2.035973663330078125e+02
2.386850941975911553e+02 2.597221239875344736e+02 1.993090209960937500e+02
2.466609507242838504e+02 2.624773055132697550e+02 1.916202697753906250e+02
1.711111141429227871e+02 2.076922954484527963e+02 1.412615051269531250e+02
1.821921422023399089e+02 1.990579917159734578e+02 1.462713317871093750e+02
1.950621451583563157e+02 2.010809742048674593e+02 1.483177490234375000e+02
2.067126995610255733e+02 2.090673681520947866e+02 1.475140228271484375e+02
1.958199394076478086e+02 2.111828412822648033e+02 1.504856872558593750e+02
1.812386573342715792e+02 2.099081673416436615e+02 1.485185699462890625e+02
2.606964510450176249e+02 2.170883070403453985e+02 1.437725067138671875e+02
2.743840749104817860e+02 2.119539236031326368e+02 1.419870300292968750e+02
2.866698577880859489e+02 2.137907719630820793e+02 1.391498565673828125e+02
2.944906665876800389e+02 2.254227796965953985e+02 1.345554962158203125e+02
2.846132405000574863e+02 2.240996255313648646e+02 1.424168243408203125e+02
2.711400460635914555e+02 2.217554741952933455e+02 1.454080047607421875e+02
1.891059541590073536e+02 2.918998162961473781e+02 2.007522888183593750e+02
2.041573346306295775e+02 2.794951688878676350e+02 2.085095977783203125e+02
2.201802410050934498e+02 2.731251464843750227e+02 2.126530151367187500e+02
2.288387140610638824e+02 2.765411921482460116e+02 2.131390380859375000e+02
2.344382305668849540e+02 2.764123767329197108e+02 2.112273254394531250e+02
2.484428265141505676e+02 2.870172893449371827e+02 2.040932159423828125e+02
2.576730001412186084e+02 3.026335645488663886e+02 1.955712890625000000e+02
2.457687891941444320e+02 3.014760663200827366e+02 2.101779937744140625e+02
2.369352554022096911e+02 3.002606223910462404e+02 2.161369018554687500e+02
2.273628684249578384e+02 2.979103326535692418e+02 2.191236572265625000e+02
2.141869870054955243e+02 2.972770154766008091e+02 2.186753082275390625e+02
2.041517726524203056e+02 2.955508808210784082e+02 2.140929260253906250e+02
1.928575387992110848e+02 2.903714453603706716e+02 2.011821746826171875e+02
2.158735810522939573e+02 2.842179962756587202e+02 2.098245391845703125e+02
2.278014759138518741e+02 2.848520213407628603e+02 2.113885192871093750e+02
2.363366045185163955e+02 2.882165934244791288e+02 2.077983856201171875e+02
2.556769780776079699e+02 3.020928391400505575e+02 1.966894531250000000e+02
2.353546423220167014e+02 2.909572531307444478e+02 2.112398834228515625e+02
2.270741309670841019e+02 2.890332131778492339e+02 2.127713470458984375e+02
2.156561279296875000e+02 2.883987431544883293e+02 2.124828948974609375e+02
