1.326642925187653361e+02 2.456488462560317316e+02 5.988332366943359375e+01
1.359579384149289751e+02 2.654067696066464350e+02 6.590856933593750000e+01
1.409617191090303550e+02 2.859401037777171837e+02 7.193409729003906250e+01
1.454574978099150258e+02 3.052503942751417298e+02 7.729829406738281250e+01
1.527306211583754703e+02 3.257474472943474666e+02 8.599811553955078125e+01
1.663968445721794751e+02 3.417947510962393380e+02 9.899517822265625000e+01
1.810633568558038746e+02 3.517023882099226739e+02 1.162927932739257812e+02
1.991454660453048859e+02 3.652511279536229267e+02 1.309974365234375000e+02
2.245800413243911180e+02 3.719026827943092144e+02 1.339791564941406250e+02
2.472945065965839717e+02 3.654538746553309920e+02 1.248810272216796875e+02
2.621533508300781818e+02 3.529673311121324559e+02 1.051690597534179688e+02
2.719752832150927020e+02 3.431909012738396996e+02 8.422084045410156250e+01
2.800629114487592233e+02 3.286453209970512717e+02 6.718868255615234375e+01
2.854144355923522198e+02 3.079801751230277773e+02 5.522125244140625000e+01
2.900627625110103054e+02 2.888728405522365392e+02 4.815372085571289062e+01
2.923697850246056191e+02 2.691520817476160801e+02 4.252448654174804688e+01
2.948579033346737788e+02 2.479144499834846442e+02 3.742407989501953125e+01
1.607248963299919922e+02 2.141290686364267515e+02 1.202143173217773438e+02
1.707059791415345558e+02 2.060448189978506264e+02 1.305252075195312500e+02
1.838294033574123318e+02 2.012953434514064384e+02 1.371473541259765625e+02
1.957294661877202202e+02 2.012672918132707309e+02 1.417144165039062500e+02
2.053398954204484994e+02 2.031436209435556464e+02 1.434173736572265625e+02
2.458049026190066115e+02 2.045480936237410106e+02 1.388331604003906250e+02
2.546504365210440142e+02 2.025487906063304422e+02 1.349035491943359375e+02
2.648781412760417311e+02 2.028624458911372130e+02 1.280512390136718750e+02
2.764722862692440799e+02 2.077015704435460748e+02 1.185383453369140625e+02
2.835135419060202935e+02 2.154485417534323233e+02 1.051981430053710938e+02
2.269486224604588074e+02 2.223676139083563044e+02 1.480066528320312500e+02
2.285620720956840159e+02 2.338372313256357415e+02 1.599104461669921875e+02
2.303416618197572348e+02 2.439983638090246245e+02 1.717028503417968750e+02
2.308776185877183025e+02 2.543675511079676426e+02 1.768349151611328125e+02
2.101072170781154682e+02 2.687787934845569566e+02 1.543235321044921875e+02
2.173465777228860816e+02 2.691750809912588238e+02 1.587763366699218750e+02
2.264661342845244008e+02 2.706108521704580880e+02 1.598335876464843750e+02
2.328103609571270454e+02 2.697826779234643482e+02 1.571274719238281250e+02
2.399429626464844318e+02 2.691312677420822297e+02 1.508028564453125000e+02
1.765806973326440357e+02 2.273209520227769076e+02 1.278789978027343750e+02
1.839645316628848946e+02 2.215574601266898753e+02 1.335945587158203125e+02
1.936747844322055130e+02 2.215709783815870537e+02 1.337651672363281250e+02
2.026819794598748103e+02 2.266197308110255904e+02 1.304293060302734375e+02
1.947671865126666262e+02 2.292204276290594578e+02 1.328918762207031250e+02
1.844380231670305079e+02 2.291417280608532678e+02 1.325128479003906250e+02
2.439388022628485260e+02 2.274702068852443517e+02 1.260987091064453125e+02
2.536567731071921230e+02 2.230674247891295181e+02 1.264132537841796875e+02
2.631367699716605557e+02 2.232834843953450559e+02 1.239860000610351562e+02
2.696081434062883204e+02 2.290785421334061311e+02 1.173595581054687500e+02
2.629269561169194844e+02 2.306189800187653418e+02 1.236948242187500000e+02
2.526112219118604685e+02 2.305220003913430560e+02 1.265371627807617188e+02
1.900728223613664341e+02 3.035520303165211544e+02 1.365276184082031250e+02
2.008845048792222201e+02 2.896192930932139120e+02 1.531289672851562500e+02
2.184333694757199851e+02 2.828634202545764538e+02 1.609820098876953125e+02
2.273512642056334698e+02 2.834866780598958940e+02 1.613652954101562500e+02
2.331890735701019253e+02 2.824315955068551034e+02 1.599355773925781250e+02
2.471602771833831866e+02 2.892926542394301919e+02 1.494029541015625000e+02
2.562772145589192974e+02 3.060682467591529416e+02 1.296905517578125000e+02
2.458322103462967902e+02 3.259803688797296672e+02 1.422299652099609375e+02
2.370171767889285093e+02 3.319333294438381472e+02 1.493484649658203125e+02
2.265519475001915453e+02 3.336603494681564825e+02 1.523656005859375000e+02
2.124825941497204553e+02 3.308519310446347390e+02 1.521589660644531250e+02
2.031596632115981436e+02 3.249908279718138147e+02 1.477429199218750000e+02
1.921131528368183581e+02 3.026404915603937411e+02 1.362352142333984375e+02
2.135828847847733414e+02 2.925362915039063409e+02 1.553627166748046875e+02
2.265410058115043057e+02 2.912500541537416439e+02 1.586204376220703125e+02
2.365301321590648627e+02 2.933261388442095949e+02 1.545031585693359375e+02
2.549330916460822891e+02 3.069811183555453908e+02 1.305958862304687500e+02
2.351724638695810654e+02 3.188619479908663266e+02 1.495602722167968750e+02
2.249857207055185881e+02 3.179744313557943087e+02 1.523048248291015625e+02
2.132922171200023058e+02 3.172009190578087328e+02 1.504886169433593750e+02
