3.095439261043774195e+02 2.422898812686695749e+02 2.431899070739746094e+01
3.093030925077551387e+02 2.652972754983341019e+02 2.908859252929687500e+01
3.087207352582146882e+02 2.873518085255342385e+02 3.394834899902343750e+01
3.046828938203699977e+02 3.062339595121496245e+02 3.846275711059570312e+01
2.974674302045037280e+02 3.269138534545899120e+02 4.628814697265625000e+01
2.816481289134306394e+02 3.432554666855756977e+02 6.125148010253906250e+01
2.596726730346680370e+02 3.538255684347714123e+02 7.995084381103515625e+01
2.361461790197035953e+02 3.611499191284180483e+02 1.056088790893554688e+02
2.319267693014705856e+02 3.644700106452493742e+02 1.360034484863281250e+02
2.435536699182846974e+02 3.583366247738109678e+02 1.592374572753906250e+02
2.713675465303309124e+02 3.501634427238914213e+02 1.759290161132812500e+02
2.986550623276655188e+02 3.394037174898036255e+02 1.864693908691406250e+02
3.200494727639591588e+02 3.215048829022576342e+02 1.938714141845703125e+02
3.307106919232537621e+02 2.990974312277401737e+02 1.968553009033203125e+02
3.348630080279182835e+02 2.769682457419003185e+02 1.992699890136718750e+02
3.366232120289523095e+02 2.532732376996208643e+02 2.012001037597656250e+02
3.353252037497128413e+02 2.274861171946806166e+02 2.009290008544921875e+02
2.333266163545496852e+02 2.185682683608111176e+02 5.522230529785156250e+01
2.211047225952148665e+02 2.127600120993221253e+02 6.624565887451171875e+01
2.134531363094554592e+02 2.096272820865406743e+02 8.168885040283203125e+01
2.100030837115119766e+02 2.107258176915785839e+02 9.549527740478515625e+01
2.091768650728113812e+02 2.125994717317468883e+02 1.060360107421875000e+02
2.172888672772576228e+02 2.080555883071001801e+02 1.506338500976562500e+02
2.206149576523725102e+02 2.042838735243853421e+02 1.599562835693359375e+02
2.277994058945600102e+02 2.020534717784208283e+02 1.706455841064453125e+02
2.395924663768095684e+02 2.041724904677446943e+02 1.828004760742187500e+02
2.555751550113454300e+02 2.084314990324132282e+02 1.907142333984375000e+02
2.116287601246553436e+02 2.329405259076286825e+02 1.307370605468750000e+02
2.019665635950425440e+02 2.475903618307674776e+02 1.338818359375000000e+02
1.924673821393181470e+02 2.612333539177390094e+02 1.367539978027343750e+02
1.901095259273753584e+02 2.734163401884191558e+02 1.384950714111328125e+02
2.163070257747874621e+02 2.847457655065200015e+02 1.167260894775390625e+02
2.112701475255629759e+02 2.856472535077263615e+02 1.258878936767578125e+02
2.102078745224896750e+02 2.877006641163545737e+02 1.350654907226562500e+02
2.137380678962259140e+02 2.851902482874253337e+02 1.418576965332031250e+02
2.203955100564396048e+02 2.834062190336339881e+02 1.483410797119140625e+02
2.292647085750804479e+02 2.363118771721335065e+02 7.379703521728515625e+01
2.218474677590763235e+02 2.312633982938878603e+02 8.326194763183593750e+01
2.227557771570542400e+02 2.307820360071518735e+02 9.372972106933593750e+01
2.275229478723862826e+02 2.348360729441923240e+02 1.038240203857421875e+02
2.246141468721277761e+02 2.386233450496898172e+02 9.513710784912109375e+01
2.248906828936408715e+02 2.389380723841049985e+02 8.361871337890625000e+01
2.365241992726045623e+02 2.313736255421358123e+02 1.498774719238281250e+02
2.337170172298656325e+02 2.252475574269014373e+02 1.601362609863281250e+02
2.369232084386489419e+02 2.240297750136431318e+02 1.700351715087890625e+02
2.460886768116670851e+02 2.283143992704503660e+02 1.776141204833984375e+02
2.390357425465303436e+02 2.320779950310202366e+02 1.705976562500000000e+02
2.360299741857192544e+02 2.333951769660500872e+02 1.595067291259765625e+02
2.284793119542739248e+02 3.118550031774184390e+02 9.715863037109375000e+01
2.165309973324046666e+02 3.059198774449965867e+02 1.115227127075195312e+02
2.112808405259076494e+02 3.026355947157916262e+02 1.279055099487304688e+02
2.119410127527573877e+02 3.036557693481445881e+02 1.361530303955078125e+02
2.137299985100241315e+02 3.019845129574047178e+02 1.415808715820312500e+02
2.234658264160156591e+02 3.047896811990177639e+02 1.559327239990234375e+02
2.369148412367877086e+02 3.094972249648150751e+02 1.651534576416015625e+02
2.224291371962603705e+02 3.138859074312098301e+02 1.541684417724609375e+02
2.159449032054228041e+02 3.159237039902631068e+02 1.455036926269531250e+02
2.127908510095933252e+02 3.164933828017291262e+02 1.362356109619140625e+02
2.135854799158433082e+02 3.168159029792337265e+02 1.233627853393554688e+02
2.167344337912167020e+02 3.146452380909639714e+02 1.135510787963867188e+02
2.279772514792049947e+02 3.108504284129423922e+02 1.001091690063476562e+02
2.168399243523093105e+02 3.086977742812213137e+02 1.234282760620117188e+02
2.159955460492302564e+02 3.083185414931353989e+02 1.356149597167968750e+02
2.201901377958409967e+02 3.082008050357594584e+02 1.443966064453125000e+02
2.366640024521771863e+02 3.097301026288201342e+02 1.630522918701171875e+02
2.185816779641544372e+02 3.078874036901137856e+02 1.440683593750000000e+02
2.162759820377125664e+02 3.082264880909639828e+02 1.356701354980468750e+02
2.169390756943646750e+02 3.082026202931124317e+02 1.240253219604492188e+02
