1.298809559541589351e+02 2.662156194051107150e+02 4.533968353271484375e+01
1.302388948029162066e+02 2.899188081629136491e+02 6.109901046752929688e+01
1.308147977193195572e+02 3.120724581849341916e+02 7.700779724121093750e+01
1.322035977531880917e+02 3.316465025060317657e+02 9.404568481445312500e+01
1.355570332545858889e+02 3.495984485701019366e+02 1.185186920166015625e+02
1.430107357698327064e+02 3.590645331887638463e+02 1.505664520263671875e+02
1.549101598403032085e+02 3.600321526620903114e+02 1.865347595214843750e+02
1.724643003276749198e+02 3.603929257860371536e+02 2.197890472412109375e+02
2.027896536733588846e+02 3.658706764969172127e+02 2.364451904296875000e+02
2.349607015572341311e+02 3.653139957801969331e+02 2.289106903076171875e+02
2.630774277930165681e+02 3.690375274059820185e+02 2.032982482910156250e+02
2.856004056743546471e+02 3.703267177207798113e+02 1.745776672363281250e+02
3.072408961576574029e+02 3.616514062619677929e+02 1.463595428466796875e+02
3.223323422001857352e+02 3.424898787554573119e+02 1.221678009033203125e+02
3.316630875830557557e+02 3.226072618073108629e+02 1.050291824340820312e+02
3.401846006804822196e+02 3.014846650366690142e+02 8.914397430419921875e+01
3.475623332004922190e+02 2.757661716535980077e+02 7.619671630859375000e+01
1.522597387874827177e+02 1.951291737575157299e+02 1.080276718139648438e+02
1.626394878312652850e+02 1.787702824162502111e+02 1.185552673339843750e+02
1.783513494454177817e+02 1.692903534533930952e+02 1.319740142822265625e+02
1.925833352780809378e+02 1.675099303002451165e+02 1.414131011962890625e+02
2.046494676776960659e+02 1.691886569602816621e+02 1.481021575927734375e+02
2.601466418995577214e+02 1.722495236265893368e+02 1.578385009765625000e+02
2.744272360708199585e+02 1.724525584351782754e+02 1.558089904785156250e+02
2.907067728977577872e+02 1.761105487449496536e+02 1.512123870849609375e+02
3.078612182916380107e+02 1.874621634838628097e+02 1.453877563476562500e+02
3.191984643973556786e+02 2.053693996354645606e+02 1.375415649414062500e+02
2.277092136757046887e+02 1.961229557710535687e+02 1.737595825195312500e+02
2.249007480396944061e+02 2.042208848841050326e+02 1.961389923095703125e+02
2.218312903011546382e+02 2.112732882929783500e+02 2.143323822021484375e+02
2.189744343477136681e+02 2.225344761567957619e+02 2.249025573730468750e+02
1.998538636749865418e+02 2.501548201018688928e+02 2.002688293457031250e+02
2.071164394902247636e+02 2.486671889959597479e+02 2.088368225097656250e+02
2.175767940745633950e+02 2.502897232953240518e+02 2.142511444091796875e+02
2.261358275768803310e+02 2.512880629894780782e+02 2.121586456298828125e+02
2.368630193074544081e+02 2.537200372134938107e+02 2.059909515380859375e+02
1.665322869394339307e+02 2.103326203888537975e+02 1.355955047607421875e+02
1.758254807715322272e+02 2.008764713062959686e+02 1.417091979980468750e+02
1.884752973668715299e+02 2.018440284878600153e+02 1.469514007568359375e+02
2.013724330228917552e+02 2.083952531403186299e+02 1.490633850097656250e+02
1.895129223991842764e+02 2.113268695906097037e+02 1.506751098632812500e+02
1.751069141462737093e+02 2.111603429457720722e+02 1.457413330078125000e+02
2.581283265057732592e+02 2.129065160115560218e+02 1.581726074218750000e+02
2.717403847189510770e+02 2.073514819874483237e+02 1.595435485839843750e+02
2.852378676171396705e+02 2.087643733604281806e+02 1.603877563476562500e+02
2.953759972965016232e+02 2.198031277226467068e+02 1.574702301025390625e+02
2.829623287724513716e+02 2.189116910747453630e+02 1.637980957031250000e+02
2.685672631058038746e+02 2.169964581657858673e+02 1.629423522949218750e+02
1.743774983723957632e+02 2.934803396785961240e+02 1.999622497558593750e+02
1.876655356014475728e+02 2.750046029483571033e+02 2.117722930908203125e+02
2.047095480825386744e+02 2.660600872563381358e+02 2.209432830810546875e+02
2.141301597146426730e+02 2.686103639191272805e+02 2.241787109375000000e+02
2.212217757879518558e+02 2.685033570532705767e+02 2.238069152832031250e+02
2.385352624332203391e+02 2.805142262776693087e+02 2.197618865966796875e+02
2.517697287466011744e+02 2.994350791781557177e+02 2.127267913818359375e+02
2.334884461346794069e+02 3.014715422387217245e+02 2.263325042724609375e+02
2.217253216313380335e+02 3.004303977218329464e+02 2.313764953613281250e+02
2.105573014801623231e+02 2.983230258717256902e+02 2.320777587890625000e+02
1.963738513123754501e+02 2.986978976978975879e+02 2.284613952636718750e+02
1.870471237481808657e+02 2.976867570465686867e+02 2.195476074218750000e+02
1.780154514985925402e+02 2.915066459506166439e+02 2.006319732666015625e+02
2.002957822014303702e+02 2.788686440262140422e+02 2.172696228027343750e+02
2.136589744418274677e+02 2.778603065041935452e+02 2.228294982910156250e+02
2.244478973089479723e+02 2.818237444709329793e+02 2.215647888183593750e+02
2.496774730308382573e+02 2.991956088795382129e+02 2.133403930664062500e+02
2.220599322150735020e+02 2.889310061585670155e+02 2.245965423583984375e+02
2.123396972057865923e+02 2.865373621323529960e+02 2.239389343261718750e+02
1.995310469982670156e+02 2.874208877264285320e+02 2.206885375976562500e+02
