1.196630631241144016e+02 2.269289369770125404e+02 8.845064544677734375e+01
1.222338726567287210e+02 2.502186991373698390e+02 9.222434234619140625e+01
1.276030522514791983e+02 2.736186471078910927e+02 9.593817901611328125e+01
1.322074846005907318e+02 2.956451736151003615e+02 1.002649612426757812e+02
1.404918838201784581e+02 3.193529693005132231e+02 1.098956604003906250e+02
1.551420246199065502e+02 3.387343390969669485e+02 1.252419738769531250e+02
1.733901063507678373e+02 3.536417978324142268e+02 1.441320648193359375e+02
1.967295245002297293e+02 3.684526630476409537e+02 1.591385650634765625e+02
2.251709322461894374e+02 3.773190020392922861e+02 1.564950866699218750e+02
2.472166556564031339e+02 3.717741774016735690e+02 1.433898925781250000e+02
2.587885664397594496e+02 3.604049153047449181e+02 1.184255371093750000e+02
2.646534277224072866e+02 3.481920309627757320e+02 9.250234222412109375e+01
2.704520398308248446e+02 3.310467693852443745e+02 7.202005004882812500e+01
2.754249644559971557e+02 3.087339663038067101e+02 6.018867874145507812e+01
2.811201162899241126e+02 2.874424208098766940e+02 5.393701934814453125e+01
2.870768932267730520e+02 2.650669784545898438e+02 4.730328369140625000e+01
2.908248877431831261e+02 2.417137297088024752e+02 4.295318984985351562e+01
1.584705204683191653e+02 1.931045366923014512e+02 1.576088562011718750e+02
1.713266555187748850e+02 1.833733264698702214e+02 1.677979736328125000e+02
1.879987465353572702e+02 1.801868700513653039e+02 1.743732299804687500e+02
2.024862829470166616e+02 1.830091987310671584e+02 1.784551849365234375e+02
2.139872490377986765e+02 1.873007083219640663e+02 1.793297729492187500e+02
2.616163452746820894e+02 1.917513447929831329e+02 1.656384582519531250e+02
2.713155385933669663e+02 1.890256493512322322e+02 1.596508941650390625e+02
2.819370835248161029e+02 1.883962336521522900e+02 1.489900360107421875e+02
2.921418217677695566e+02 1.936367807575300901e+02 1.350557098388671875e+02
2.963629868451286029e+02 2.050881747077493173e+02 1.190222244262695312e+02
2.395874092251646061e+02 2.173781379250919485e+02 1.788587951660156250e+02
2.426201492010377763e+02 2.322571764179304807e+02 1.915512390136718750e+02
2.463330155914904367e+02 2.453957486620136592e+02 2.026996154785156250e+02
2.467770951214957904e+02 2.584481775620404846e+02 2.069225006103515625e+02
2.218869467342600501e+02 2.754488666010838074e+02 1.875521392822265625e+02
2.301411384133731133e+02 2.768777428421319655e+02 1.911317901611328125e+02
2.395624488381778008e+02 2.799175878786573435e+02 1.912088928222656250e+02
2.452139464733646719e+02 2.781116138533050162e+02 1.863677368164062500e+02
2.503731031230851158e+02 2.772031810984892104e+02 1.782195129394531250e+02
1.761572141460343630e+02 2.161095094867781654e+02 1.662223205566406250e+02
1.864776015936159297e+02 2.092693925745347201e+02 1.719500579833984375e+02
1.981673328175263862e+02 2.110550840789196911e+02 1.709758148193359375e+02
2.082095725863587177e+02 2.183866328819125613e+02 1.656159973144531250e+02
1.989848207959941533e+02 2.208856989542643419e+02 1.703405151367187500e+02
1.864708584056180882e+02 2.197176622876934289e+02 1.711516113281250000e+02
2.551048263848996100e+02 2.226093160591873641e+02 1.515460815429687500e+02
2.670200925340839149e+02 2.172982523301068625e+02 1.504320220947265625e+02
2.776648502723842853e+02 2.177036467907475696e+02 1.452447814941406250e+02
2.826530618106617112e+02 2.250634481392654891e+02 1.356023406982421875e+02
2.761057263542623446e+02 2.269932267432119488e+02 1.445354156494140625e+02
2.650466862098842853e+02 2.265887148988013564e+02 1.503871612548828125e+02
2.001955496096143179e+02 3.132731027042164555e+02 1.773917541503906250e+02
2.161126595291436558e+02 3.033532729803347365e+02 1.903442840576171875e+02
2.324629310159121758e+02 2.976965326047411509e+02 1.943985748291015625e+02
2.402890361711090179e+02 2.996983415192248685e+02 1.924225006103515625e+02
2.453420317406747131e+02 2.985553181966146212e+02 1.903442535400390625e+02
2.552267156862744457e+02 3.055729292327282565e+02 1.775155792236328125e+02
2.585775682037951242e+02 3.175079483331418260e+02 1.597927703857421875e+02
2.515338670319201242e+02 3.278281857359643254e+02 1.730903625488281250e+02
2.445026460535385411e+02 3.321971184225643583e+02 1.794004974365234375e+02
2.360901130227481133e+02 3.324125120873544574e+02 1.837052764892578125e+02
2.241140875722847170e+02 3.309258509617226309e+02 1.864914245605468750e+02
2.149809336942784341e+02 3.251972656250000000e+02 1.849118499755859375e+02
2.036874883315142029e+02 3.126600198184742680e+02 1.774199676513671875e+02
2.268674265543619413e+02 3.082323755002489634e+02 1.874504547119140625e+02
2.384181192435469825e+02 3.074975974887025245e+02 1.874133453369140625e+02
2.452484920726102473e+02 3.094906331978592107e+02 1.820176239013671875e+02
2.573323026170917274e+02 3.177873493269378287e+02 1.611195068359375000e+02
2.435699501785576899e+02 3.189172216677198435e+02 1.798321838378906250e+02
2.360646230660232163e+02 3.182065743839039555e+02 1.832225341796875000e+02
2.258310232723459876e+02 3.178837310192632231e+02 1.850013122558593750e+02
