1.268374768425436088e+02 2.084934618781594509e+02 5.410305786132812500e+01
1.273900584501378148e+02 2.353264082964728914e+02 5.338398361206054688e+01
1.318014052447150277e+02 2.616641265869140511e+02 5.456752014160156250e+01
1.347796614703009368e+02 2.860208548153148058e+02 5.712146377563476562e+01
1.403875357235178853e+02 3.125722054874195805e+02 6.640098571777343750e+01
1.521542469697839692e+02 3.353895358814912697e+02 8.758982849121093750e+01
1.674925440171185187e+02 3.522674440271714502e+02 1.139835357666015625e+02
1.899084533691406023e+02 3.684859204460593105e+02 1.382282562255859375e+02
2.217287242216222012e+02 3.786837791891659322e+02 1.466085968017578125e+02
2.507720164579503717e+02 3.717116937973920017e+02 1.395363464355468750e+02
2.725707009708180522e+02 3.593274523566751100e+02 1.131135406494140625e+02
2.874614925608915996e+02 3.446969785802504589e+02 8.701635742187500000e+01
3.017728070427390321e+02 3.248326374727137136e+02 6.658946228027343750e+01
3.095719690659467460e+02 2.991284102495978914e+02 5.705533218383789062e+01
3.174720437442555863e+02 2.764245363123276888e+02 5.411475372314453125e+01
3.238642836626838744e+02 2.511464299819048733e+02 5.193846130371093750e+01
3.303470638499541110e+02 2.234573060877182797e+02 5.185680389404296875e+01
1.527221011891084288e+02 1.854207623650045775e+02 1.441018066406250000e+02
1.644446619370403937e+02 1.795174108168658051e+02 1.612246856689453125e+02
1.801686469582950281e+02 1.777742925307329926e+02 1.726259460449218750e+02
1.940174790326286711e+02 1.809519845401539442e+02 1.789088134765625000e+02
2.056226476332720381e+02 1.851167545094209572e+02 1.815903015136718750e+02
2.591642657111672747e+02 1.890733642578125000e+02 1.821449584960937500e+02
2.710758171530330856e+02 1.871053299847771143e+02 1.795455780029296875e+02
2.854537475585937614e+02 1.867494892793542931e+02 1.727539978027343750e+02
3.011037784352022300e+02 1.913058071360868553e+02 1.601383819580078125e+02
3.104526525160845836e+02 1.993861383774701039e+02 1.425382843017578125e+02
2.317848884133731531e+02 2.159277776381548506e+02 1.853351745605468750e+02
2.311259316837086430e+02 2.341560638427734489e+02 1.964764556884765625e+02
2.302124152688419372e+02 2.510964389576631675e+02 2.069173278808593750e+02
2.296131530761718977e+02 2.666801931942210331e+02 2.097800903320312500e+02
2.076143396714154505e+02 2.769074145148782122e+02 1.768475036621093750e+02
2.155546340044807039e+02 2.795608260210822777e+02 1.832098693847656250e+02
2.258167530732996511e+02 2.832713969511144114e+02 1.860858612060546875e+02
2.333076128791360588e+02 2.810819316190832069e+02 1.839776153564453125e+02
2.423519265567555294e+02 2.791393581614775030e+02 1.772633819580078125e+02
1.696927501005284853e+02 2.082015422147862864e+02 1.524075775146484375e+02
1.791294210994944649e+02 2.029251287123736347e+02 1.623118743896484375e+02
1.910805620978860020e+02 2.045734753776999071e+02 1.643984527587890625e+02
2.030378005083869652e+02 2.122500784481272831e+02 1.601984252929687500e+02
1.918672639734604672e+02 2.151258952421300705e+02 1.619008789062500000e+02
1.784077453613281250e+02 2.135403257482192032e+02 1.594717864990234375e+02
2.566415462718290428e+02 2.168069779339958814e+02 1.601995391845703125e+02
2.692291640337775789e+02 2.110340470257927450e+02 1.637510375976562500e+02
2.815670302447151130e+02 2.115323674819048847e+02 1.620164031982421875e+02
2.904487010282629171e+02 2.185458648681640739e+02 1.517742156982421875e+02
2.806760907341452480e+02 2.213462637508616808e+02 1.589378509521484375e+02
2.672233771829044144e+02 2.210551777559168158e+02 1.613813323974609375e+02
1.831009593290440876e+02 3.071819186939912925e+02 1.554159698486328125e+02
1.982342127182904505e+02 3.029768757539637249e+02 1.725601654052734375e+02
2.155763093836167172e+02 3.008899128633386795e+02 1.822706756591796875e+02
2.246886155072380689e+02 3.036862500359030150e+02 1.829019775390625000e+02
2.311502340877757433e+02 3.023456918155445692e+02 1.831585235595703125e+02
2.481283375459559011e+02 3.063515655517578011e+02 1.734841308593750000e+02
2.612957232306985702e+02 3.133334804759306280e+02 1.564210052490234375e+02
2.462444407743566330e+02 3.223619350657743894e+02 1.706293334960937500e+02
2.351514354032628944e+02 3.263591425278607403e+02 1.756724243164062500e+02
2.238382737103630689e+02 3.264213186825023172e+02 1.774483032226562500e+02
2.083779799517463402e+02 3.249401031494140852e+02 1.762677154541015625e+02
1.981056435977711203e+02 3.189984900979434883e+02 1.700562591552734375e+02
1.865834443933823081e+02 3.069748199462890739e+02 1.563538055419921875e+02
2.115256017348345381e+02 3.090668430103975197e+02 1.739619598388671875e+02
2.243804490033318189e+02 3.099182899026309883e+02 1.776390075683593750e+02
2.350024995691636036e+02 3.108539954690372156e+02 1.751740570068359375e+02
2.590826825310202253e+02 3.136188277300666414e+02 1.574920196533203125e+02
2.344120102826286711e+02 3.143959811939913038e+02 1.747745513916015625e+02
2.241265581916360361e+02 3.149733062744140852e+02 1.762829742431640625e+02
2.105476989746093750e+02 3.132510248520795244e+02 1.740383911132812500e+02
