1.624784171160529240e+02 2.315542095408719945e+02 4.629113388061523438e+01
1.669781761169433310e+02 2.552306644215303209e+02 4.899949264526367188e+01
1.730392532348632528e+02 2.793620075899011681e+02 5.340647125244140625e+01
1.771598604987648855e+02 3.011945307114544903e+02 5.835126876831054688e+01
1.816344223022460369e+02 3.242907508401309542e+02 7.006188964843750000e+01
1.881688272812786806e+02 3.424762887393727624e+02 9.257341003417968750e+01
1.951652661491842480e+02 3.552422036563649499e+02 1.209664382934570312e+02
2.088561441758099306e+02 3.668759415570427791e+02 1.472748718261718750e+02
2.333632624009075869e+02 3.717607359044692430e+02 1.608335571289062500e+02
2.591055037554572209e+02 3.643883343864890207e+02 1.625091857910156250e+02
2.831953205781824181e+02 3.534137654024012249e+02 1.470654296875000000e+02
3.032159648222082069e+02 3.422392730712890625e+02 1.294676055908203125e+02
3.208668957878561514e+02 3.252282230152803777e+02 1.168013916015625000e+02
3.305844017477596708e+02 3.019211991254021541e+02 1.107347793579101562e+02
3.361079173368566444e+02 2.783002462948069820e+02 1.095801925659179688e+02
3.407482263901654846e+02 2.541855051377240216e+02 1.094426269531250000e+02
3.430569547765395555e+02 2.268149023617015132e+02 1.095755310058593750e+02
1.559198850743910612e+02 2.053727823145248976e+02 1.306179199218750000e+02
1.604968685823328087e+02 1.983443033554974591e+02 1.495619201660156250e+02
1.711292289285098605e+02 1.943872007482191862e+02 1.639429779052734375e+02
1.824809202306410612e+02 1.954346367331111765e+02 1.741725006103515625e+02
1.924949771656709459e+02 1.981664094363941615e+02 1.791563110351562500e+02
2.376241298002355506e+02 1.958613774916704813e+02 1.941793823242187500e+02
2.487307048124425819e+02 1.917403950410730431e+02 1.948425445556640625e+02
2.632194429285386832e+02 1.893660899891572740e+02 1.928136444091796875e+02
2.812871892592486347e+02 1.922859676585477757e+02 1.874993133544921875e+02
2.966865395938649499e+02 1.995779641095329566e+02 1.766669616699218750e+02
2.158112016565659701e+02 2.199800922169404771e+02 1.912461547851562500e+02
2.135597233491785119e+02 2.361618261898265132e+02 2.020558319091796875e+02
2.107887905345243382e+02 2.508644633573644285e+02 2.126602630615234375e+02
2.111931479958926730e+02 2.647321651683134291e+02 2.162279968261718750e+02
2.049488561293657938e+02 2.790267953311695805e+02 1.832660980224609375e+02
2.096898687026079813e+02 2.801406393612132320e+02 1.913651733398437500e+02
2.174111682667451646e+02 2.822826143152573195e+02 1.966981506347656250e+02
2.245017704683191369e+02 2.800127518597771541e+02 1.964710235595703125e+02
2.337771615421070805e+02 2.780507045072668006e+02 1.926016540527343750e+02
1.705863508336684049e+02 2.224103981466853952e+02 1.445797119140625000e+02
1.755314862868364969e+02 2.163314186544978952e+02 1.557091522216796875e+02
1.861782657398896959e+02 2.160980610566980431e+02 1.609517822265625000e+02
1.984961395263671875e+02 2.213167886173023646e+02 1.609311065673828125e+02
1.885493689144358882e+02 2.251103865679572209e+02 1.596913909912109375e+02
1.770430410048540750e+02 2.253960656558765834e+02 1.538722229003906250e+02
2.457814986285041243e+02 2.200070630241842764e+02 1.770185241699218750e+02
2.552255105411305180e+02 2.134597311580882320e+02 1.834498901367187500e+02
2.671553048526539555e+02 2.128949046415440876e+02 1.861464538574218750e+02
2.788040672751034208e+02 2.194016992905560528e+02 1.804761352539062500e+02
2.679105727251838402e+02 2.227753524780273438e+02 1.837391510009765625e+02
2.549159133013557152e+02 2.231713023466222410e+02 1.815412292480468750e+02
1.958367650649126404e+02 3.136267000086167513e+02 1.633489379882812500e+02
2.008305340935201855e+02 3.049675275017233389e+02 1.824579010009765625e+02
2.112219009399413778e+02 2.995633894976447777e+02 1.938409118652343750e+02
2.186287940530215792e+02 3.010648013844210027e+02 1.965359649658203125e+02
2.243123864566578334e+02 2.993665870217715792e+02 1.980858917236328125e+02
2.409192751716165048e+02 3.038124811509076153e+02 1.947633361816406250e+02
2.563430893841912166e+02 3.124826875574448763e+02 1.834283294677734375e+02
2.428847930010627181e+02 3.219599717084099666e+02 1.897935943603515625e+02
2.329676450841566862e+02 3.267430734073415124e+02 1.909870452880859375e+02
2.227549779555376688e+02 3.278336217543658222e+02 1.894262542724609375e+02
2.114200250962201153e+02 3.277857172348919903e+02 1.848278503417968750e+02
2.040403074376723112e+02 3.233512151381548847e+02 1.776956481933593750e+02
1.982352653952205515e+02 3.129846191406250000e+02 1.650713806152343750e+02
2.117188868803136188e+02 3.088570027070887249e+02 1.855542449951171875e+02
2.209409758623908147e+02 3.078283942727481417e+02 1.916836700439453125e+02
2.304640072093290257e+02 3.084097631117876972e+02 1.916368408203125000e+02
2.546615878834444118e+02 3.128545828426586013e+02 1.837482910156250000e+02
2.310643229765050251e+02 3.143919614904067430e+02 1.899569244384765625e+02
2.221705052992876688e+02 3.148551976821001972e+02 1.884764862060546875e+02
2.126663015029009216e+02 3.152600070728975652e+02 1.838525695800781250e+02
